010101110000
010011000110
010101000011
111100100001
011100110101
110001010101
001111110101
101100011100
010111111011
101010111101
101000001110
001000100001
000100011110
100011000100
101100100001
101010111010
111000001011
101101001011
000010010110
110111100111
111101011110
100100010010
110001011110
010011101000
111110000110
110001011111
001001010110
110111100100
100111000101
110011110000
000110000010
010001100001
111110111011
100010101011
000000010101
100010101110
100110100111
100111101111
110011110001
001000111100
001101010010
111101011101
011000110001
111111011010
011000000000
100000111001
011110101100
011101010111
011001111110
011100101101
