419,207 -> 419,109
300,888 -> 803,385
104,959 -> 457,959
987,951 -> 987,385
173,602 -> 919,602
173,70 -> 305,70
341,19 -> 486,19
128,579 -> 128,100
210,867 -> 969,867
880,493 -> 880,58
937,831 -> 131,25
520,921 -> 476,965
760,147 -> 461,147
646,108 -> 646,27
99,906 -> 99,591
19,956 -> 19,273
89,201 -> 326,201
275,948 -> 962,261
292,489 -> 689,489
674,109 -> 20,763
861,861 -> 529,529
155,200 -> 273,200
628,803 -> 209,384
654,401 -> 578,325
723,625 -> 828,730
137,406 -> 862,406
893,45 -> 41,897
631,10 -> 941,320
618,435 -> 537,435
939,29 -> 30,938
505,796 -> 505,244
799,779 -> 77,779
938,576 -> 427,576
522,635 -> 405,518
244,89 -> 946,89
447,791 -> 316,660
560,731 -> 687,731
16,878 -> 835,59
45,707 -> 45,565
767,166 -> 404,529
791,260 -> 791,950
373,949 -> 373,156
38,774 -> 38,557
445,537 -> 445,370
817,756 -> 959,898
472,551 -> 952,71
696,381 -> 657,420
43,829 -> 43,190
101,635 -> 728,635
197,532 -> 140,532