63,23,2,65,55,94,38,20,22,39,5,98,9,60,80,45,99,68,12,3,6,34,64,10,70,69,95,96,83,81,32,30,42,73,52,48,92,28,37,35,54,7,50,21,74,36,91,97,13,71,86,53,46,58,76,77,14,88,78,1,33,51,89,26,27,31,82,44,61,62,75,66,11,93,49,43,85,0,87,40,24,29,15,59,16,67,19,72,57,41,8,79,56,4,18,17,84,90,47,25

25 29 78 57 69
47 51  7 21 82
61 81 99 53 30
50 80 41 94 46
 9 37 48 71 91

26 10 29 27 90
21 65 44  5  1
42 51 35 11 98
72 23 41 95 48
40 97 99 92  2

20 70 21 58  5
63 29 16 71 45
43  7 26  0 62
24 75  9 87 55
88 10 11 47  4

 5 31 99 96 16
61 37 91 92 23
46  8 36  9 42
 3 32 49 64 48
15  2 47 53 55

28 40 96 38  9
33 11 65 76 13
24 35 20  3 99
95 78 51 74  4
80 14 44 98 58